# For three body the parameters were 3.0 3.0 1.0
# for vdpol they were 1e-4
# Method table:
# 1  Radau IIA 53, 2 Radau IIA 95, 3 Lobatto IIIC 43, 4 Lobatto IIIC 85
# 5  Dormand-Prince 54, 6 Fehlberg 54, 7 Bogacki-Shampine 32
# 8  Radau IIA 13-7
# Equation table:
# 1  stiff equation, 2 three-body, 3 van-der-pol, 4 robertson

# Time is in milliseconds.
# Eq	Method	Time (opt)	Time (old)	Time (opt2)
1	1	0.494		1.1		0.505		
1	2	0.512		0.815		0.503		
1	3	0.705		2.903		0.653		
1	4	1.297		12.383		1.328		
1	5	5.477		5.477		5.156		
1	6	4.355		4.564		4.405		
1	7	4.875		5.178		4.994		

2	1	2797.92		99999		3155.95		
2	2	3705.23		99999		4209.6		
2	3	2269.51		99999		2440.99		
2	4	3483.85		99999		3878.78		
2	5	0.684		0.687		0.678		
2	6	0.631		0.634		0.64		
2	7	1.579		1.54		1.543		

3	1	2140.47		95.898		2335.57		
3	2	3728.52		180.701		4102.55		
3	3	2002.46		257.539		2148.79		
3	4	2685.73		2244.68		2964.09		
3	5	105.888		101.577		103.043		
3	6	85.6664		86.368		85.865		
3	7	121.896		125.875		120.927		

4	1	7.083		2.107		6.592		
4	2	3.386		2.889		3.423		
4	8	3.838		4.378		3.741		
4	3	17.036		3.696		17.077		
4	4	92.084		13.931		94.354		


